3353 2158
4272 4501
4280 4724
4531 4040
3494 3327
4234 3012
4866 3777
2411 2579
3832 4073
2594 2059
2491 1096
3195 3201
4750 4008
4938 4068
4232 3749
3414 2828
3534 3613
2512 3174
4502 4167
2531 1780
2058 1646
4015 4687
2366 2927
4648 4090
3808 4498
3005 2086
3001 2199
3228 1943
2250 1328
4243 4391
4198 3594
3949 3707
4720 3631
2158 2408
3565 3527
2663 2973
4362 4985
2501 3153
4717 3875
4480 5056
4663 4308
4153 4088
2784 1600
2149 2035
4286 3646
3166 2473
4814 5154
4994 3510
3174 2495
2786 1888
4721 4503
3132 2987
2763 3239
3455 3672
2216 1349
2426 1675
2506 1452
4704 4006
4730 3928
3692 2214
4129 3679
2700 1523
4905 4180
2307 1180
4368 3860
4369 3890
2697 2157
2890 2075
2869 2971
4110 4429
3623 2518
4642 4703
4814 5306
2607 2538
3941 4218
4559 5004
4370 4850
3708 3811
2803 2358
2580 2731
4474 4410
3660 3011
2357 2811
2705 2172
3384 2313
4909 3615
2696 2275
3576 4151
2976 2658
2016 1075
2298 2573
2864 1748
3473 2769
3741 2571
4976 3606
2693 1777
4084 4821
4541 3517
4405 3956
4830 4309
